# List of SIR/HSS events during 1995-2017 by M. Grandin, A. T. Aikio, and A. Kozlovsky
# Associated manuscript: Properties and geoeffectiveness of solar wind high-speed streams and stream interaction regions during solar cycles 23 and 24
# Submitted to J. Geophys. Res. Space Physics, December 2018
# Notes: 
# (i) V_max corresponds to the maximum solar wind speed value during the first three days after the beginning of the event.
# (ii) The end time corresponds to the first time when the solar wind speed drops below 450 km/s after reaching its maximum value.
# (iii) The last column indicates whether an ICME with Vmax < 500 km/s is embedded in the SIR/HSS event (as per the Richardson and Cane list of ICMEs).

HSS#	YYYY0	MM0	DD0	HH0	V_0	YYYYmax	MMmax	DDmax	HHmax	V_max	YYYYend	MMend	DDend	HHend	slowICME
1	1995	1	1	19	319	1995	1	4	15	706	1995	1	9	08	0
2	1995	1	10	16	412	1995	1	11	12	515	1995	1	11	21	0
3	1995	1	17	01	332	1995	1	18	20	525	1995	1	19	04	0
4	1995	1	28	18	288	1995	1	30	10	706	1995	2	5	05	0
5	1995	2	10	23	340	1995	2	13	14	680	1995	2	17	12	0
6	1995	2	25	15	260	1995	2	28	15	523	1995	3	3	20	0
7	1995	3	26	00	297	1995	3	27	21	511	1995	3	29	20	0
8	1995	4	4	17	289	1995	4	7	17	624	1995	4	13	14	0
9	1995	4	22	07	312	1995	4	25	02	503	1995	4	25	09	0
10	1995	4	26	13	415	1995	4	27	10	705	1995	4	29	23	0
11	1995	5	1	21	362	1995	5	3	13	760	1995	5	10	03	0
12	1995	5	15	18	317	1995	5	16	18	505	1995	5	16	22	0
13	1995	5	23	08	345	1995	5	24	07	670	1995	5	27	13	0
14	1995	5	29	23	386	1995	5	31	14	762	1995	6	5	05	0
15	1995	6	18	22	324	1995	6	19	23	698	1995	6	24	02	0
16	1995	6	25	10	388	1995	6	26	06	568	1995	6	27	12	0
17	1995	7	14	05	304	1995	7	17	03	672	1995	7	21	04	0
18	1995	8	7	08	340	1995	8	10	05	614	1995	8	11	10	0
19	1995	8	13	19	420	1995	8	14	17	650	1995	8	16	21	0
20	1995	9	4	19	311	1995	9	7	16	621	1995	9	10	02	0
21	1995	9	10	13	409	1995	9	13	04	613	1995	9	14	12	0
22	1995	9	15	08	388	1995	9	16	10	526	1995	9	16	18	0
23	1995	10	1	22	310	1995	10	4	20	706	1995	10	10	05	0
24	1995	10	11	18	432	1995	10	12	07	545	1995	10	13	03	0
25	1995	10	17	13	299	1995	10	20	13	559	1995	10	21	19	0
26	1995	10	30	10	311	1995	11	1	18	634	1995	11	3	11	0
27	1995	11	4	08	388	1995	11	6	05	585	1995	11	8	04	0
28	1995	11	26	15	273	1995	11	27	19	509	1995	11	27	22	0
29	1995	12	22	15	331	1995	12	25	09	667	1995	12	27	16	0
30	1996	1	2	14	375	1996	1	3	11	549	1996	1	3	20	0
31	1996	1	12	15	321	1996	1	15	01	638	1996	1	18	21	0
32	1996	1	19	14	386	1996	1	20	04	527	1996	1	20	14	0
33	1996	1	28	07	415	1996	1	30	06	574	1996	2	1	08	0
34	1996	2	1	21	428	1996	2	2	12	526	1996	2	3	17	0
35	1996	2	10	02	351	1996	2	11	19	623	1996	2	15	10	0
36	1996	2	17	23	378	1996	2	20	07	523	1996	2	21	02	0
37	1996	2	23	00	362	1996	2	24	22	516	1996	2	28	20	0
38	1996	3	9	09	342	1996	3	11	11	568	1996	3	15	00	0
39	1996	3	20	00	398	1996	3	21	23	653	1996	3	23	12	0
40	1996	3	24	05	426	1996	3	25	15	601	1996	3	26	21	0
41	1996	4	11	10	409	1996	4	12	15	539	1996	4	13	12	0
42	1996	4	16	21	428	1996	4	19	18	731	1996	4	22	16	0
43	1996	5	12	18	334	1996	5	15	13	511	1996	5	15	21	0
44	1996	6	18	20	379	1996	6	19	09	525	1996	6	19	16	0
45	1996	7	2	15	344	1996	7	4	03	553	1996	7	5	00	0
46	1996	7	30	17	371	1996	7	31	10	567	1996	8	3	01	0
47	1996	8	12	07	336	1996	8	14	21	511	1996	8	15	13	0
48	1996	8	16	07	375	1996	8	17	08	582	1996	8	17	22	0
49	1996	8	22	13	375	1996	8	23	12	522	1996	8	23	19	0
50	1996	8	28	16	385	1996	8	29	23	626	1996	9	1	03	0
51	1996	9	9	18	341	1996	9	12	13	680	1996	9	24	08	0
52	1996	9	26	01	439	1996	9	26	22	676	1996	9	29	05	0
53	1996	10	2	04	336	1996	10	3	12	573	1996	10	4	17	0
54	1996	10	7	12	309	1996	10	9	16	530	1996	10	10	16	0
55	1996	10	12	21	402	1996	10	14	13	540	1996	10	14	21	0
56	1996	10	17	04	371	1996	10	20	02	620	1996	10	21	14	0
57	1996	10	22	02	441	1996	10	23	05	679	1996	10	25	04	0
58	1996	10	27	07	355	1996	10	28	23	619	1996	10	31	17	0
59	1996	11	13	00	357	1996	11	16	00	501	1996	11	16	21	0
60	1996	11	17	07	414	1996	11	18	05	558	1996	11	18	17	0
61	1996	11	24	04	321	1996	11	27	03	559	1996	11	28	16	0
62	1996	12	2	09	279	1996	12	4	12	523	1996	12	5	02	0
63	1996	12	7	12	325	1996	12	10	11	541	1996	12	13	21	0
64	1996	12	14	15	405	1996	12	15	19	578	1996	12	16	18	0
65	1997	1	11	00	414	1997	1	12	16	573	1997	1	14	00	1
66	1997	1	25	20	321	1997	1	28	15	708	1997	2	1	04	0
67	1997	2	1	08	426	1997	2	2	20	501	1997	2	3	12	0
68	1997	2	5	17	359	1997	2	8	17	602	1997	2	10	11	0
69	1997	2	22	14	359	1997	2	23	15	519	1997	2	23	18	0
70	1997	2	26	09	368	1997	2	28	02	611	1997	3	2	09	0
71	1997	3	11	05	299	1997	3	12	14	502	1997	3	13	01	0
72	1997	3	23	19	354	1997	3	26	19	575	1997	3	27	16	0
73	1997	3	28	08	385	1997	3	30	07	524	1997	3	30	16	0
74	1997	4	10	11	295	1997	4	11	22	547	1997	4	13	00	1
75	1997	4	16	10	324	1997	4	17	09	543	1997	4	19	16	0
76	1997	5	1	12	340	1997	5	2	02	606	1997	5	4	06	0
77	1997	5	14	15	297	1997	5	16	02	527	1997	5	16	21	1
78	1997	6	26	16	361	1997	6	28	00	563	1997	6	28	10	0
79	1997	8	12	18	359	1997	8	14	00	560	1997	8	14	13	0
80	1997	9	2	22	315	1997	9	4	05	565	1997	9	5	03	1
81	1997	9	26	03	309	1997	9	28	03	502	1997	9	28	09	0
82	1997	10	23	07	300	1997	10	25	23	536	1997	10	27	22	0
83	1998	2	9	06	366	1998	2	11	20	555	1998	2	12	22	0
84	1998	3	10	02	285	1998	3	11	04	553	1998	3	13	23	0
85	1998	3	20	07	311	1998	3	21	23	605	1998	3	23	18	0
86	1998	4	16	23	345	1998	4	18	05	590	1998	4	19	02	0
87	1998	5	15	14	315	1998	5	16	19	613	1998	5	18	02	0
88	1998	5	28	16	345	1998	5	30	01	719	1998	5	31	16	0
89	1998	6	5	14	376	1998	6	7	10	646	1998	6	8	21	0
90	1998	6	18	20	304	1998	6	19	12	517	1998	6	19	20	0
91	1998	7	15	23	324	1998	7	16	13	612	1998	7	17	20	0
92	1998	7	22	16	382	1998	7	23	18	720	1998	7	26	08	0
93	1998	8	22	01	283	1998	8	23	19	567	1998	8	24	02	0
94	1998	9	30	12	430	1998	10	2	13	668	1998	10	4	08	0
95	1998	10	7	01	342	1998	10	7	23	585	1998	10	9	06	0
96	1998	10	19	19	381	1998	10	22	08	668	1998	10	24	16	1
97	1998	10	27	10	364	1998	10	29	18	613	1998	10	30	19	0
98	1998	11	14	13	410	1998	11	16	04	545	1998	11	17	07	0
99	1998	11	23	11	319	1998	11	24	04	507	1998	11	25	07	0
100	1998	12	13	10	375	1998	12	16	10	533	1998	12	16	19	0
101	1998	12	25	01	324	1998	12	25	14	559	1998	12	25	22	0
102	1999	1	5	20	330	1999	1	7	15	509	1999	1	7	23	0
103	1999	1	13	10	348	1999	1	15	07	593	1999	1	17	00	1
104	1999	2	10	12	350	1999	2	12	11	539	1999	2	13	17	0
105	1999	2	14	14	391	1999	2	15	18	650	1999	2	16	21	1
106	1999	2	28	13	351	1999	3	1	22	535	1999	3	3	08	0
107	1999	3	4	03	429	1999	3	5	03	589	1999	3	6	23	0
108	1999	3	11	19	380	1999	3	14	19	553	1999	3	16	13	0
109	1999	3	28	20	337	1999	3	29	18	538	1999	3	31	05	0
110	1999	4	4	11	394	1999	4	5	06	534	1999	4	6	10	0
111	1999	4	9	14	350	1999	4	10	21	564	1999	4	11	19	0
112	1999	4	25	21	377	1999	4	27	18	599	1999	4	28	06	0
113	1999	4	29	03	444	1999	5	1	04	656	1999	5	4	09	0
114	1999	5	11	17	357	1999	5	12	07	510	1999	5	12	08	0
115	1999	5	18	00	344	1999	5	18	20	664	1999	5	21	10	0
116	1999	5	22	19	405	1999	5	25	11	580	1999	5	26	06	0
117	1999	6	8	01	342	1999	6	9	03	647	1999	6	10	21	0
118	1999	7	21	03	273	1999	7	23	06	525	1999	7	23	19	0
119	1999	8	14	20	319	1999	8	17	05	640	1999	8	22	08	0
120	1999	8	23	15	420	1999	8	25	11	582	1999	9	2	02	0
121	1999	9	3	03	446	1999	9	3	22	540	1999	9	4	22	0
122	1999	9	12	03	414	1999	9	13	17	625	1999	9	19	09	0
123	1999	9	26	08	350	1999	9	27	09	638	1999	10	1	20	0
124	1999	10	3	14	401	1999	10	5	21	573	1999	10	7	02	0
125	1999	10	9	14	384	1999	10	11	00	624	1999	10	18	01	0
126	1999	11	6	15	335	1999	11	9	12	646	1999	11	13	01	0
127	1999	11	16	07	308	1999	11	18	17	605	1999	11	19	05	0
128	1999	12	2	18	341	1999	12	4	23	731	1999	12	10	23	0
129	1999	12	23	11	284	1999	12	25	05	590	1999	12	25	21	0
130	1999	12	29	11	359	2000	1	1	09	765	2000	1	8	08	0
131	2000	1	10	06	322	2000	1	12	06	603	2000	1	14	20	0
132	2000	1	27	05	337	2000	1	28	14	765	2000	2	2	12	0
133	2000	2	5	15	377	2000	2	6	18	649	2000	2	9	10	0
134	2000	2	23	07	359	2000	2	25	07	781	2000	3	1	15	0
135	2000	3	21	06	334	2000	3	24	06	645	2000	3	27	00	0
136	2000	5	29	08	347	2000	5	30	17	646	2000	6	1	23	0
137	2000	6	14	06	418	2000	6	15	16	682	2000	6	17	13	0
138	2000	8	27	13	358	2000	8	29	18	620	2000	9	2	13	0
139	2000	9	24	13	385	2000	9	26	09	596	2000	9	28	15	0
140	2000	10	14	08	398	2000	10	16	03	585	2000	10	18	14	0
141	2000	10	22	04	365	2000	10	23	10	565	2000	10	24	00	0
142	2000	12	6	04	330	2000	12	9	02	649	2000	12	12	15	0
143	2001	2	5	06	314	2001	2	6	20	521	2001	2	7	22	0
144	2001	2	11	22	396	2001	2	14	22	585	2001	2	16	14	0
145	2001	2	26	14	289	2001	2	28	15	535	2001	3	1	03	0
146	2001	3	4	22	426	2001	3	6	00	579	2001	3	7	17	0
147	2001	5	12	04	410	2001	5	12	16	674	2001	5	15	10	1
148	2001	5	22	20	305	2001	5	25	12	586	2001	5	26	10	0
149	2001	6	1	07	309	2001	6	2	14	574	2001	6	4	07	0
150	2001	6	8	09	375	2001	6	10	04	631	2001	6	11	15	0
151	2001	6	18	02	304	2001	6	20	04	781	2001	6	22	02	0
152	2001	7	16	05	394	2001	7	18	04	664	2001	7	20	13	0
153	2001	7	24	03	383	2001	7	25	12	582	2001	7	27	19	0
154	2001	7	30	13	309	2001	8	1	01	599	2001	8	2	03	0
155	2001	8	20	22	412	2001	8	22	15	648	2001	8	23	19	0
156	2001	8	25	16	355	2001	8	28	04	576	2001	8	29	17	0
157	2001	9	2	20	327	2001	9	4	03	552	2001	9	5	16	0
158	2001	9	14	19	405	2001	9	15	15	604	2001	9	17	07	0
159	2001	12	1	13	333	2001	12	4	07	505	2001	12	4	19	0
160	2001	12	14	10	281	2001	12	16	02	569	2001	12	17	00	0
161	2001	12	23	22	324	2001	12	24	16	612	2001	12	25	15	0
162	2001	12	28	15	357	2001	12	31	00	648	2002	1	1	09	1
163	2002	1	7	17	343	2002	1	10	17	585	2002	1	14	13	0
164	2002	1	19	04	286	2002	1	20	16	515	2002	1	21	01	0
165	2002	2	4	18	333	2002	2	6	03	679	2002	2	9	12	0
166	2002	2	11	07	416	2002	2	12	00	574	2002	2	14	04	0
167	2002	3	3	18	335	2002	3	5	11	703	2002	3	8	22	0
168	2002	3	26	03	439	2002	3	26	12	568	2002	3	27	10	0
169	2002	3	29	21	321	2002	4	1	05	766	2002	4	4	18	0
170	2002	4	10	09	294	2002	4	11	13	504	2002	4	12	03	1
171	2002	4	27	19	425	2002	4	29	22	550	2002	4	30	17	0
172	2002	5	11	08	341	2002	5	12	13	524	2002	5	13	15	1
173	2002	6	18	09	333	2002	6	20	14	520	2002	6	21	00	0
174	2002	6	23	09	402	2002	6	24	07	521	2002	6	24	15	0
175	2002	7	4	15	305	2002	7	6	12	567	2002	7	7	06	0
176	2002	7	11	18	367	2002	7	12	22	551	2002	7	13	09	0
177	2002	7	25	06	414	2002	7	25	16	520	2002	7	26	11	0
178	2002	8	9	03	347	2002	8	11	21	522	2002	8	12	05	0
179	2002	8	26	11	322	2002	8	29	10	502	2002	8	29	15	0
180	2002	9	10	13	405	2002	9	11	18	527	2002	9	14	05	0
181	2002	9	15	18	359	2002	9	18	18	543	2002	9	20	14	0
182	2002	10	7	04	363	2002	10	8	09	512	2002	10	8	18	0
183	2002	10	14	03	279	2002	10	17	02	612	2002	10	22	23	0
184	2002	10	23	19	419	2002	10	25	00	768	2002	10	29	19	0
185	2002	11	1	18	401	2002	11	4	18	506	2002	11	8	08	0
186	2002	11	10	08	369	2002	11	11	15	658	2002	11	14	09	0
187	2002	11	20	10	371	2002	11	21	13	728	2002	11	24	15	0
188	2002	11	26	18	369	2002	11	27	02	593	2002	12	4	02	0
189	2002	12	6	12	376	2002	12	8	18	643	2002	12	10	07	0
190	2002	12	13	13	323	2002	12	14	22	542	2002	12	16	20	0
191	2002	12	22	09	398	2002	12	23	11	585	2002	12	25	21	0
192	2002	12	26	13	403	2002	12	28	05	771	2002	12	31	13	0
193	2003	1	2	19	353	2003	1	4	06	636	2003	1	5	06	0
194	2003	1	17	07	328	2003	1	20	06	654	2003	1	27	23	0
195	2003	2	14	03	394	2003	2	16	21	665	2003	2	25	00	0
196	2003	2	26	04	388	2003	2	27	14	594	2003	2	28	11	0
197	2003	3	3	02	369	2003	3	4	10	584	2003	3	5	05	0
198	2003	3	26	10	367	2003	3	27	12	529	2003	3	29	06	0
199	2003	3	29	18	400	2003	3	31	04	645	2003	4	3	06	0
200	2003	4	7	16	365	2003	4	10	16	681	2003	4	24	02	0
201	2003	4	24	09	441	2003	4	25	01	593	2003	4	26	04	0
202	2003	4	28	18	413	2003	4	30	22	663	2003	5	4	01	0
203	2003	5	4	19	363	2003	5	7	08	739	2003	5	18	02	0
204	2003	5	21	04	389	2003	5	21	20	568	2003	5	24	01	0
205	2003	7	11	13	338	2003	7	12	17	701	2003	7	21	15	0
206	2003	7	26	01	321	2003	7	29	00	785	2003	8	5	10	0
207	2003	8	5	20	421	2003	8	8	07	779	2003	8	17	06	0
208	2003	8	19	21	431	2003	8	22	13	771	2003	8	27	15	0
209	2003	8	29	09	435	2003	8	29	22	611	2003	8	31	08	0
210	2003	9	1	11	410	2003	9	4	11	613	2003	9	7	14	0
211	2003	9	8	12	377	2003	9	10	09	674	2003	9	14	00	0
212	2003	9	16	00	360	2003	9	18	13	812	2003	9	27	12	0
213	2003	10	5	17	367	2003	10	6	22	621	2003	10	10	10	0
214	2003	10	12	20	316	2003	10	15	06	724	2003	10	23	16	0
215	2003	11	8	13	424	2003	11	11	07	742	2003	11	19	23	0
216	2003	12	4	14	330	2003	12	6	05	539	2003	12	6	18	0
217	2003	12	7	15	441	2003	12	10	15	793	2003	12	17	19	0
218	2003	12	19	20	309	2003	12	22	17	627	2003	12	24	12	0
219	2003	12	27	09	380	2003	12	28	18	549	2003	12	29	19	0
220	2003	12	31	07	423	2004	1	3	05	602	2004	1	15	04	0
221	2004	1	27	05	404	2004	1	28	16	589	2004	1	29	16	0
222	2004	2	11	13	376	2004	2	13	03	704	2004	2	17	10	0
223	2004	2	26	23	300	2004	2	29	16	717	2004	3	5	07	0
224	2004	3	9	14	432	2004	3	11	02	770	2004	3	14	13	0
225	2004	3	24	19	333	2004	3	27	19	843	2004	4	1	07	0
226	2004	4	12	04	412	2004	4	13	07	501	2004	4	13	17	0
227	2004	4	27	17	428	2004	4	28	23	538	2004	4	29	09	1
228	2004	5	3	13	352	2004	5	6	00	618	2004	5	9	11	0
229	2004	5	19	12	315	2004	5	20	23	569	2004	5	25	12	0
230	2004	5	29	21	405	2004	6	1	21	577	2004	6	4	19	0
231	2004	6	14	07	326	2004	6	16	07	585	2004	6	19	14	0
232	2004	6	27	22	326	2004	6	29	09	593	2004	7	3	07	0
233	2004	7	10	19	311	2004	7	12	06	574	2004	7	14	21	0
234	2004	7	16	21	383	2004	7	17	11	557	2004	7	18	05	0
235	2004	8	9	17	346	2004	8	11	00	608	2004	8	13	06	0
236	2004	8	30	18	376	2004	9	1	04	511	2004	9	2	21	0
237	2004	9	20	23	364	2004	9	22	07	532	2004	9	23	06	0
238	2004	10	13	03	394	2004	10	14	16	542	2004	10	16	02	0
239	2004	10	23	12	358	2004	10	24	22	503	2004	10	25	05	0
240	2004	11	19	14	343	2004	11	21	15	632	2004	11	23	06	0
241	2004	11	23	22	389	2004	11	25	20	542	2004	11	26	15	0
242	2004	11	28	18	379	2004	11	30	15	700	2004	12	2	20	0
243	2004	12	6	03	399	2004	12	7	14	535	2004	12	8	23	0
244	2004	12	16	01	384	2004	12	17	19	669	2004	12	19	15	0
245	2004	12	21	23	390	2004	12	22	16	531	2004	12	23	06	0
246	2004	12	29	19	428	2004	12	30	09	563	2004	12	31	09	0
247	2005	1	11	19	408	2005	1	13	05	729	2005	1	18	09	0
248	2005	2	6	04	347	2005	2	8	00	741	2005	2	13	06	0
249	2005	2	22	23	366	2005	2	25	22	556	2005	3	4	03	1
250	2005	3	5	23	383	2005	3	8	09	767	2005	3	12	02	0
251	2005	3	24	11	313	2005	3	25	18	707	2005	3	30	02	0
252	2005	4	3	17	334	2005	4	5	10	659	2005	4	7	07	0
253	2005	4	11	09	323	2005	4	13	07	637	2005	4	16	11	0
254	2005	4	19	20	336	2005	4	20	15	574	2005	4	21	19	0
255	2005	4	29	13	350	2005	5	1	08	670	2005	5	4	01	0
256	2005	5	7	17	355	2005	5	8	12	822	2005	5	14	14	0
257	2005	6	2	12	376	2005	6	5	08	627	2005	6	6	18	0
258	2005	6	6	18	448	2005	6	7	16	515	2005	6	8	08	0
259	2005	6	22	21	320	2005	6	25	21	671	2005	6	27	04	0
260	2005	7	1	13	354	2005	7	1	23	641	2005	7	4	13	0
261	2005	7	9	12	339	2005	7	12	09	521	2005	7	15	01	1
262	2005	7	19	22	385	2005	7	22	01	626	2005	7	23	18	0
263	2005	7	26	23	315	2005	7	29	03	610	2005	7	31	08	0
264	2005	7	31	19	424	2005	8	1	11	614	2005	8	3	06	0
265	2005	8	5	11	397	2005	8	7	05	726	2005	8	9	22	0
266	2005	8	12	21	360	2005	8	13	19	569	2005	8	14	12	0
267	2005	9	29	22	354	2005	10	1	06	537	2005	10	3	02	0
268	2005	10	7	08	332	2005	10	8	11	724	2005	10	11	23	0
269	2005	10	24	22	317	2005	10	26	15	556	2005	10	28	02	0
270	2005	11	2	13	376	2005	11	4	12	732	2005	11	9	04	0
271	2005	11	28	17	357	2005	12	1	09	737	2005	12	5	19	0
272	2005	12	9	16	264	2005	12	11	14	563	2005	12	13	00	0
273	2005	12	19	02	310	2005	12	20	08	583	2005	12	21	20	0
274	2005	12	27	08	334	2005	12	29	03	729	2006	1	1	12	0
275	2006	1	15	16	346	2006	1	18	16	535	2006	1	19	06	0
276	2006	1	22	22	360	2006	1	23	13	615	2006	1	24	22	0
277	2006	2	14	12	330	2006	2	16	06	561	2006	2	17	09	0
278	2006	2	19	15	359	2006	2	21	17	690	2006	2	24	01	0
279	2006	3	9	04	338	2006	3	11	08	569	2006	3	13	00	0
280	2006	3	14	09	346	2006	3	15	14	557	2006	3	16	13	0
281	2006	3	17	21	372	2006	3	20	15	719	2006	3	23	09	0
282	2006	4	8	21	323	2006	4	10	12	693	2006	4	12	02	0
283	2006	4	21	08	353	2006	4	23	04	596	2006	4	24	06	0
284	2006	5	3	20	293	2006	5	6	20	502	2006	5	9	14	0
285	2006	5	10	19	383	2006	5	11	21	667	2006	5	15	04	0
286	2006	5	17	11	325	2006	5	19	18	594	2006	5	21	16	0
287	2006	5	31	01	331	2006	6	3	01	603	2006	6	4	01	0
288	2006	6	6	00	341	2006	6	8	10	669	2006	6	11	17	0
289	2006	6	13	17	352	2006	6	16	00	615	2006	6	19	16	0
290	2006	6	26	22	273	2006	6	29	07	601	2006	7	1	01	0
291	2006	7	3	18	291	2006	7	5	05	633	2006	7	8	04	0
292	2006	7	11	12	363	2006	7	12	15	528	2006	7	13	16	0
293	2006	7	27	13	328	2006	7	28	05	663	2006	7	30	07	0
294	2006	7	31	01	386	2006	8	1	13	631	2006	8	4	05	0
295	2006	8	7	00	336	2006	8	8	01	630	2006	8	10	07	0
296	2006	8	21	15	416	2006	8	22	19	507	2006	8	23	15	0
297	2006	8	26	23	328	2006	8	28	04	664	2006	8	30	22	0
298	2006	9	2	01	366	2006	9	4	22	621	2006	9	6	16	0
299	2006	9	16	04	319	2006	9	18	19	639	2006	9	20	08	0
300	2006	9	23	01	304	2006	9	25	02	671	2006	9	27	11	0
301	2006	9	29	16	288	2006	10	1	12	571	2006	10	2	22	1
302	2006	10	7	11	319	2006	10	7	21	535	2006	10	8	18	0
303	2006	10	12	16	333	2006	10	15	06	596	2006	10	16	18	0
304	2006	10	19	17	298	2006	10	21	15	646	2006	10	24	15	0
305	2006	10	27	18	299	2006	10	29	23	585	2006	10	31	04	0
306	2006	11	9	12	292	2006	11	11	10	651	2006	11	13	06	0
307	2006	11	21	01	325	2006	11	23	23	515	2006	11	29	07	0
308	2006	12	5	09	296	2006	12	7	15	713	2006	12	18	03	0
309	2006	12	18	10	410	2006	12	21	03	736	2006	12	26	18	0
310	2006	12	31	15	309	2007	1	3	13	699	2007	1	6	20	0
311	2007	1	9	05	321	2007	1	11	22	514	2007	1	12	06	0
312	2007	1	14	09	312	2007	1	17	08	670	2007	1	22	05	1
313	2007	1	28	01	320	2007	1	31	00	704	2007	2	3	00	0
314	2007	2	12	09	317	2007	2	14	06	735	2007	2	18	02	0
315	2007	2	25	01	289	2007	2	28	01	609	2007	3	2	15	0
316	2007	3	4	06	355	2007	3	6	22	589	2007	3	8	13	0
317	2007	3	11	07	317	2007	3	13	10	706	2007	3	18	12	0
318	2007	3	23	07	299	2007	3	26	07	513	2007	3	26	21	0
319	2007	3	27	07	436	2007	3	28	04	585	2007	3	28	22	0
320	2007	3	31	19	341	2007	4	2	20	649	2007	4	5	00	0
321	2007	4	8	21	300	2007	4	11	05	509	2007	4	13	04	0
322	2007	4	22	01	292	2007	4	23	11	533	2007	4	23	19	0
323	2007	4	27	15	444	2007	4	29	21	681	2007	5	2	07	0
324	2007	5	6	17	268	2007	5	8	04	638	2007	5	10	14	0
325	2007	5	17	23	314	2007	5	20	02	674	2007	5	22	12	0
326	2007	5	22	21	435	2007	5	25	04	687	2007	5	28	18	0
327	2007	6	3	13	377	2007	6	4	14	517	2007	6	5	02	0
328	2007	6	13	09	300	2007	6	15	02	618	2007	6	17	05	0
329	2007	6	17	10	441	2007	6	18	03	521	2007	6	19	03	0
330	2007	6	21	08	388	2007	6	23	04	578	2007	6	24	23	0
331	2007	6	29	10	350	2007	6	30	04	539	2007	7	1	02	0
332	2007	7	3	10	346	2007	7	4	09	620	2007	7	5	21	0
333	2007	7	10	05	302	2007	7	11	20	598	2007	7	13	05	0
334	2007	7	14	07	403	2007	7	15	03	606	2007	7	16	20	0
335	2007	7	20	04	320	2007	7	21	07	532	2007	7	22	06	0
336	2007	7	26	15	325	2007	7	29	15	532	2007	8	3	22	0
337	2007	8	6	06	302	2007	8	7	08	690	2007	8	9	05	0
338	2007	8	10	12	348	2007	8	10	21	573	2007	8	12	08	0
339	2007	8	25	00	302	2007	8	27	18	676	2007	8	30	11	0
340	2007	8	31	18	366	2007	9	2	21	657	2007	9	6	00	0
341	2007	9	20	09	321	2007	9	23	08	674	2007	9	26	15	0
342	2007	9	27	11	376	2007	9	29	23	672	2007	10	2	04	0
343	2007	10	2	21	423	2007	10	4	02	586	2007	10	5	15	0
344	2007	10	16	01	307	2007	10	19	01	574	2007	10	21	22	0
345	2007	10	25	04	348	2007	10	26	00	698	2007	10	29	01	0
346	2007	11	13	01	391	2007	11	14	09	666	2007	11	17	15	0
347	2007	11	19	18	390	2007	11	21	14	668	2007	11	27	19	1
348	2007	12	10	03	332	2007	12	11	08	637	2007	12	15	06	0
349	2007	12	17	02	351	2007	12	19	00	697	2007	12	24	03	0
350	2008	1	4	23	326	2008	1	7	13	713	2008	1	11	08	0
351	2008	1	12	11	418	2008	1	15	00	720	2008	1	22	08	0
352	2008	1	24	13	407	2008	1	25	07	551	2008	1	26	13	0
353	2008	1	31	11	320	2008	2	3	11	634	2008	2	5	14	0
354	2008	2	7	14	356	2008	2	10	13	595	2008	2	22	18	0
355	2008	2	27	01	351	2008	2	29	22	745	2008	3	4	04	0
356	2008	3	8	06	324	2008	3	11	02	706	2008	3	21	22	0
357	2008	3	22	05	421	2008	3	23	12	504	2008	3	24	11	0
358	2008	3	25	21	366	2008	3	28	09	688	2008	3	31	02	0
359	2008	4	3	16	336	2008	4	6	10	729	2008	4	14	14	0
360	2008	4	16	04	358	2008	4	16	22	603	2008	4	21	11	0
361	2008	4	22	13	334	2008	4	23	20	659	2008	4	28	17	0
362	2008	4	30	15	378	2008	5	3	13	545	2008	5	9	07	0
363	2008	5	19	02	342	2008	5	21	14	605	2008	5	25	10	0
364	2008	5	28	01	333	2008	5	30	05	609	2008	6	4	08	0
365	2008	6	6	04	351	2008	6	7	17	519	2008	6	9	00	0
366	2008	6	14	12	294	2008	6	17	03	758	2008	6	19	20	0
367	2008	6	19	20	442	2008	6	20	08	594	2008	6	22	00	0
368	2008	6	24	20	330	2008	6	27	05	648	2008	7	1	06	0
369	2008	7	10	14	322	2008	7	13	13	670	2008	7	18	03	0
370	2008	7	20	15	290	2008	7	23	14	650	2008	7	25	03	0
371	2008	8	9	00	339	2008	8	9	18	658	2008	8	13	19	0
372	2008	8	16	19	327	2008	8	18	15	635	2008	8	20	22	0
373	2008	9	3	03	330	2008	9	4	20	600	2008	9	10	13	0
374	2008	9	14	18	301	2008	9	15	19	586	2008	9	17	06	1
375	2008	9	30	12	331	2008	10	2	22	715	2008	10	6	12	0
376	2008	10	10	15	298	2008	10	12	06	549	2008	10	13	20	0
377	2008	10	26	03	300	2008	10	29	02	554	2008	11	1	19	0
378	2008	11	6	21	298	2008	11	8	21	574	2008	11	9	16	0
379	2008	11	15	15	315	2008	11	16	13	525	2008	11	17	01	0
380	2008	11	24	23	267	2008	11	26	22	658	2008	11	29	05	0
381	2008	12	22	11	308	2008	12	23	12	556	2008	12	25	20	0
382	2008	12	30	22	308	2008	12	31	15	525	2009	1	1	15	0
383	2009	2	11	15	295	2009	2	14	11	520	2009	2	16	18	0
384	2009	2	26	21	377	2009	2	27	20	689	2009	3	1	07	0
385	2009	3	11	23	328	2009	3	14	03	566	2009	3	16	00	0
386	2009	4	8	18	323	2009	4	11	18	554	2009	4	13	00	0
387	2009	4	16	01	309	2009	4	18	14	537	2009	4	19	21	0
388	2009	5	6	00	334	2009	5	8	05	518	2009	5	9	23	0
389	2009	6	28	13	361	2009	6	29	16	561	2009	7	1	04	1
390	2009	7	13	10	344	2009	7	14	03	540	2009	7	15	17	0
391	2009	7	22	00	298	2009	7	24	05	575	2009	7	26	00	0
392	2009	8	4	17	325	2009	8	6	12	506	2009	8	7	18	0
393	2009	8	17	13	289	2009	8	20	09	524	2009	8	23	20	0
394	2009	11	19	16	320	2009	11	21	19	554	2009	11	22	22	0
395	2010	1	10	15	297	2010	1	11	16	510	2010	1	11	21	0
396	2010	1	20	10	311	2010	1	20	23	517	2010	1	21	12	0
397	2010	2	1	06	327	2010	2	3	02	565	2010	2	4	05	0
398	2010	3	9	16	351	2010	3	12	02	558	2010	3	13	05	0
399	2010	3	31	23	370	2010	4	3	20	543	2010	4	9	09	0
400	2010	4	14	12	405	2010	4	15	14	515	2010	4	16	10	0
401	2010	5	2	03	318	2010	5	3	14	720	2010	5	8	20	0
402	2010	5	19	04	352	2010	5	20	10	510	2010	5	21	09	0
403	2010	5	29	21	347	2010	5	31	16	616	2010	6	2	17	0
404	2010	6	12	23	339	2010	6	15	19	513	2010	6	19	04	0
405	2010	6	24	14	323	2010	6	27	11	529	2010	7	5	19	0
406	2010	7	25	02	342	2010	7	28	00	618	2010	8	2	08	0
407	2010	8	23	01	275	2010	8	25	06	693	2010	8	30	00	0
408	2010	9	5	18	332	2010	9	7	17	501	2010	9	7	19	0
409	2010	9	23	00	302	2010	9	25	06	631	2010	9	26	02	0
410	2010	10	22	10	357	2010	10	24	23	676	2010	10	28	07	0
411	2010	11	10	13	275	2010	11	12	13	546	2010	11	13	17	0
412	2010	11	18	05	425	2010	11	18	21	562	2010	11	19	10	0
413	2010	12	12	01	316	2010	12	14	13	660	2010	12	16	21	0
414	2011	1	6	16	331	2011	1	8	15	663	2011	1	13	14	0
415	2011	1	16	10	410	2011	1	17	09	520	2011	1	17	23	0
416	2011	1	31	11	259	2011	2	1	19	525	2011	2	2	07	0
417	2011	2	4	02	326	2011	2	5	06	647	2011	2	7	09	1
418	2011	2	14	15	308	2011	2	15	09	505	2011	2	15	16	0
419	2011	3	1	02	305	2011	3	2	05	687	2011	3	6	23	0
420	2011	3	10	07	304	2011	3	13	06	566	2011	3	15	13	0
421	2011	3	22	10	335	2011	3	23	16	516	2011	3	24	02	0
422	2011	3	31	22	299	2011	4	2	13	650	2011	4	8	05	0
423	2011	4	11	05	318	2011	4	12	19	600	2011	4	14	12	0
424	2011	4	17	10	319	2011	4	20	09	549	2011	4	21	09	0
425	2011	4	23	09	377	2011	4	25	08	551	2011	4	25	23	0
426	2011	4	29	15	346	2011	5	2	02	697	2011	5	4	20	0
427	2011	5	14	15	320	2011	5	17	08	596	2011	5	18	16	0
428	2011	6	11	09	389	2011	6	14	09	526	2011	6	16	00	0
429	2011	6	20	15	400	2011	6	23	04	661	2011	6	27	13	0
430	2011	7	9	05	342	2011	7	12	05	685	2011	7	15	10	0
431	2011	7	19	00	410	2011	7	21	04	731	2011	7	24	15	0
432	2011	7	24	21	436	2011	7	25	18	601	2011	7	27	07	0
433	2011	7	29	06	313	2011	8	1	00	686	2011	8	2	16	0
434	2011	8	13	20	325	2011	8	16	08	575	2011	8	16	14	0
435	2011	8	23	04	353	2011	8	24	02	569	2011	8	25	09	0
436	2011	8	28	16	397	2011	8	29	12	534	2011	8	29	20	0
437	2011	10	1	03	444	2011	10	1	13	564	2011	10	2	21	0
438	2012	1	12	17	392	2012	1	13	06	542	2012	1	13	19	0
439	2012	1	21	16	321	2012	1	24	16	673	2012	1	26	11	1
440	2012	2	6	23	393	2012	2	8	02	504	2012	2	8	17	0
441	2012	2	18	16	308	2012	2	20	07	557	2012	2	21	14	0
442	2012	2	22	01	382	2012	2	22	17	545	2012	2	23	10	0
443	2012	3	12	08	404	2012	3	12	19	727	2012	3	20	04	0
444	2012	4	11	07	317	2012	4	13	10	643	2012	4	15	15	0
445	2012	5	8	07	287	2012	5	10	04	638	2012	5	13	09	0
446	2012	5	21	19	344	2012	5	23	06	639	2012	5	25	14	0
447	2012	6	3	22	332	2012	6	6	10	735	2012	6	9	15	0
448	2012	6	25	11	352	2012	6	28	01	504	2012	6	28	07	0
449	2012	6	29	12	391	2012	7	1	12	689	2012	7	6	01	0
450	2012	8	13	09	421	2012	8	16	05	508	2012	8	17	05	0
451	2012	8	19	04	373	2012	8	20	02	579	2012	8	21	07	0
452	2012	8	24	11	364	2012	8	27	06	698	2012	8	28	17	0
453	2012	9	19	06	348	2012	9	20	14	578	2012	9	21	04	0
454	2012	10	8	04	318	2012	10	10	01	551	2012	10	11	07	1
455	2012	10	16	17	350	2012	10	18	11	598	2012	10	19	11	0
456	2012	11	6	19	301	2012	11	7	22	501	2012	11	8	06	1
457	2013	1	11	16	283	2013	1	14	04	552	2013	1	15	12	0
458	2013	1	24	20	272	2013	1	26	22	531	2013	1	27	14	0
459	2013	2	28	05	317	2013	3	2	02	638	2013	3	3	15	0
460	2013	3	26	20	351	2013	3	27	21	544	2013	3	28	08	0
461	2013	4	22	19	262	2013	4	25	19	549	2013	4	27	18	0
462	2013	5	5	17	399	2013	5	7	18	548	2013	5	9	23	0
463	2013	5	31	15	333	2013	6	2	13	774	2013	6	7	01	0
464	2013	6	19	22	283	2013	6	22	04	634	2013	6	26	12	0
465	2013	6	29	10	404	2013	6	30	17	560	2013	7	1	23	0
466	2013	7	17	12	336	2013	7	19	14	633	2013	7	20	21	0
467	2013	7	25	08	309	2013	7	26	08	572	2013	7	27	08	0
468	2013	8	3	20	319	2013	8	5	09	566	2013	8	6	14	0
469	2013	8	13	09	337	2013	8	16	09	743	2013	8	19	13	0
470	2013	8	30	08	343	2013	9	1	11	552	2013	9	2	01	0
471	2013	9	12	11	341	2013	9	14	04	576	2013	9	15	01	0
472	2013	9	17	16	360	2013	9	19	12	557	2013	9	20	13	0
473	2013	10	14	05	338	2013	10	15	18	546	2013	10	17	06	0
474	2013	11	7	10	362	2013	11	9	16	611	2013	11	12	00	1
475	2013	11	16	04	332	2013	11	17	00	536	2013	11	17	18	0
476	2013	12	7	02	328	2013	12	8	14	639	2013	12	9	15	0
477	2013	12	31	19	369	2014	1	2	22	625	2014	1	5	12	0
478	2014	1	11	14	391	2014	1	13	07	907	2014	1	15	21	0
479	2014	1	21	12	318	2014	1	22	08	589	2014	1	23	00	0
480	2014	3	20	19	321	2014	3	23	04	526	2014	3	23	08	0
481	2014	3	25	12	382	2014	3	25	21	516	2014	3	26	07	0
482	2014	5	22	10	305	2014	5	23	16	510	2014	5	24	17	0
483	2014	8	10	06	308	2014	8	12	04	503	2014	8	12	11	0
484	2014	9	19	02	354	2014	9	21	04	572	2014	9	21	23	0
485	2014	10	19	12	379	2014	10	21	12	653	2014	10	23	00	0
488	2014	11	30	23	405	2014	12	2	02	592	2014	12	3	00	0
489	2014	12	6	05	401	2014	12	7	19	766	2014	12	11	02	0
490	2014	12	11	18	393	2014	12	13	04	613	2014	12	14	06	0
491	2014	12	23	10	323	2014	12	24	17	562	2014	12	25	18	0
492	2014	12	28	10	377	2014	12	30	04	705	2015	1	1	18	0
493	2015	1	2	23	378	2015	1	5	21	529	2015	1	7	01	1
494	2015	1	10	01	398	2015	1	11	07	599	2015	1	11	19	0
495	2015	1	26	06	354	2015	1	28	04	518	2015	1	28	08	0
496	2015	1	31	21	401	2015	2	2	05	693	2015	2	4	15	0
497	2015	2	7	22	397	2015	2	8	15	559	2015	2	9	08	0
498	2015	2	27	23	326	2015	3	2	13	644	2015	3	3	16	0
499	2015	3	5	23	414	2015	3	8	15	577	2015	3	9	11	0
500	2015	3	31	07	335	2015	4	3	03	516	2015	4	6	23	1
501	2015	4	14	10	317	2015	4	17	05	727	2015	4	19	05	0
502	2015	4	20	03	391	2015	4	21	14	584	2015	4	23	10	0
503	2015	5	12	19	336	2015	5	14	00	732	2015	5	16	10	0
504	2015	5	18	16	362	2015	5	19	15	536	2015	5	20	16	1
505	2015	6	7	04	299	2015	6	8	12	663	2015	6	14	04	0
506	2015	7	4	07	316	2015	7	4	21	570	2015	7	7	14	0
507	2015	7	14	16	443	2015	7	15	01	557	2015	7	17	09	0
508	2015	7	30	11	342	2015	8	2	09	613	2015	8	4	04	0
509	2015	8	18	23	415	2015	8	20	11	517	2015	8	20	21	0
510	2015	8	22	10	363	2015	8	23	18	582	2015	8	24	15	0
511	2015	9	2	01	345	2015	9	4	06	523	2015	9	4	07	0
512	2015	9	10	23	397	2015	9	11	12	640	2015	9	13	19	1
513	2015	9	14	07	419	2015	9	15	11	523	2015	9	17	01	0
514	2015	10	6	15	386	2015	10	7	21	775	2015	10	11	23	0
515	2015	10	12	08	431	2015	10	13	06	581	2015	10	15	13	0
516	2015	11	28	02	296	2015	11	30	10	534	2015	12	1	01	0
517	2015	12	5	10	415	2015	12	7	13	652	2015	12	9	14	0
518	2015	12	9	22	439	2015	12	11	13	662	2015	12	13	23	0
519	2015	12	14	12	398	2015	12	16	02	600	2015	12	16	19	0
520	2015	12	22	11	429	2015	12	24	21	532	2015	12	28	10	0
521	2016	1	5	10	380	2016	1	6	12	617	2016	1	9	02	0
522	2016	1	11	07	401	2016	1	12	08	611	2016	1	15	01	0
523	2016	1	18	21	302	2016	1	21	18	509	2016	1	23	22	1
524	2016	2	16	04	415	2016	2	18	03	651	2016	2	20	16	0
525	2016	3	6	04	357	2016	3	7	12	588	2016	3	8	19	1
526	2016	3	11	05	304	2016	3	11	21	569	2016	3	13	09	0
527	2016	3	14	16	367	2016	3	17	07	576	2016	3	18	05	0
528	2016	3	21	22	387	2016	3	24	22	522	2016	3	25	21	0
529	2016	3	26	15	355	2016	3	29	05	532	2016	3	31	10	0
530	2016	4	2	11	342	2016	4	2	22	508	2016	4	3	04	0
531	2016	4	10	05	327	2016	4	13	05	591	2016	4	14	15	0
532	2016	4	20	11	324	2016	4	22	20	586	2016	4	23	03	0
533	2016	4	23	14	417	2016	4	24	15	566	2016	4	26	11	0
534	2016	4	30	06	348	2016	5	3	06	578	2016	5	4	10	0
535	2016	5	6	05	379	2016	5	8	20	658	2016	5	11	16	0
536	2016	5	14	18	316	2016	5	17	10	534	2016	5	18	17	0
537	2016	5	20	18	418	2016	5	22	06	623	2016	5	23	20	0
538	2016	5	27	01	348	2016	5	28	07	515	2016	5	29	09	0
539	2016	6	4	23	316	2016	6	6	04	627	2016	6	8	00	0
540	2016	6	10	12	347	2016	6	13	07	561	2016	6	14	05	0
541	2016	6	14	09	441	2016	6	15	04	676	2016	6	20	16	0
542	2016	6	22	09	345	2016	6	25	00	529	2016	6	25	18	0
543	2016	7	6	19	312	2016	7	9	17	638	2016	7	11	22	0
544	2016	7	28	00	322	2016	7	29	09	626	2016	7	30	15	0
545	2016	8	2	04	308	2016	8	4	12	607	2016	8	13	12	1
546	2016	8	21	05	307	2016	8	24	02	582	2016	8	26	17	0
547	2016	8	29	19	339	2016	9	1	17	569	2016	9	8	11	0
548	2016	9	17	10	328	2016	9	20	10	700	2016	9	22	22	0
549	2016	9	25	06	347	2016	9	28	00	709	2016	10	6	03	0
550	2016	10	22	22	367	2016	10	25	16	717	2016	11	2	02	0
551	2016	11	9	06	300	2016	11	12	06	575	2016	11	16	05	1
552	2016	11	21	20	327	2016	11	24	12	501	2016	11	28	19	0
553	2016	12	5	00	284	2016	12	7	22	538	2016	12	14	19	0
554	2016	12	20	06	344	2016	12	23	04	719	2016	12	28	14	0
555	2016	12	31	05	309	2016	12	31	20	555	2017	1	2	02	0
556	2017	1	4	04	387	2017	1	6	04	745	2017	1	11	19	0
557	2017	1	17	21	305	2017	1	19	09	610	2017	1	23	12	0
558	2017	1	26	07	335	2017	1	27	06	635	2017	1	29	01	0
559	2017	1	30	04	400	2017	1	31	20	749	2017	2	8	17	0
560	2017	2	15	10	299	2017	2	18	06	526	2017	2	21	00	0
561	2017	2	27	10	361	2017	3	2	10	706	2017	3	10	19	0
562	2017	3	20	05	312	2017	3	22	15	687	2017	3	25	20	0
563	2017	3	26	22	374	2017	3	28	08	709	2017	4	2	20	0
564	2017	4	5	13	384	2017	4	8	12	551	2017	4	10	02	0
565	2017	4	18	18	316	2017	4	20	12	605	2017	4	27	11	0
566	2017	5	14	05	306	2017	5	16	03	608	2017	5	18	00	0
567	2017	5	19	01	391	2017	5	20	10	731	2017	5	24	14	0
568	2017	5	29	06	339	2017	5	30	20	540	2017	5	31	03	0
569	2017	6	10	16	279	2017	6	12	23	528	2017	6	14	21	0
570	2017	6	16	02	363	2017	6	16	19	625	2017	6	17	06	0
571	2017	6	23	08	327	2017	6	26	08	523	2017	6	27	14	0
572	2017	6	30	22	338	2017	7	2	16	514	2017	7	2	20	0
573	2017	7	8	23	321	2017	7	11	07	646	2017	7	12	18	0
574	2017	7	20	04	382	2017	7	21	12	694	2017	7	27	11	0
575	2017	8	3	10	340	2017	8	4	15	709	2017	8	8	04	0
576	2017	8	11	03	378	2017	8	13	20	602	2017	8	14	17	0
577	2017	8	16	12	359	2017	8	19	12	704	2017	8	23	23	0
578	2017	8	29	11	303	2017	8	31	11	641	2017	9	6	13	0
579	2017	9	14	09	345	2017	9	16	16	716	2017	9	20	14	0
580	2017	9	26	23	315	2017	9	28	10	695	2017	10	1	20	0
581	2017	10	10	17	313	2017	10	13	17	649	2017	10	17	16	0
582	2017	10	24	03	346	2017	10	25	14	615	2017	10	27	08	0
583	2017	11	6	20	297	2017	11	8	01	657	2017	11	12	13	0
584	2017	11	15	04	370	2017	11	16	17	502	2017	11	17	02	0
585	2017	11	20	15	341	2017	11	21	16	614	2017	11	22	21	0
586	2017	12	4	12	318	2017	12	6	04	624	2017	12	8	09	0
587	2017	12	11	03	340	2017	12	12	08	514	2017	12	13	06	0
588	2017	12	16	21	331	2017	12	17	16	642	2017	12	20	02	0
